45.88731749999999
46.6070048
46.3673714
46.2722707
45.9194662
46.5671284
46.0204641
45.9049018
46.2293283
46.5691088
46.4708897
45.574738
46.1525498
45.8950489
46.5891148
46.4119794
46.675168
46.29346109999999
46.2959437
45.9560878
46.0013411
45.93833859999999
46.4623174
45.5368342
46.4395815
45.8599427
46.57251400000001
46.2088355
46.4034432
46.6844235
45.6418719
46.20272809999999
45.540245
46.24854939999999
46.23103080000001
46.2473136
46.2377924
46.4849717
45.9579966
46.577416
46.5618454
46.3612785
46.0506042
46.0569717
46.056343
46.0801729
46.0388798
46.07861519999999
46.0543364
46.0606909
46.1132921
46.0670124
46.0595198
46.0642708
46.080447
46.0448479
46.0506441
46.0417801
46.0289578
46.0291779
46.1024491
46.0560256
46.0904149
46.3173991
46.55560939999999
46.5635097
46.54851060000001
46.5628956
46.56347299999999
46.5384272
46.5323501
46.5426556
46.5622321
46.5510669
46.5513889
46.56367400000001
46.55871399999999
46.1629823
45.6449889
45.9525271
46.1355005
46.3388223
46.66082610000001
46.6611527
46.610006
46.2729528
45.955513
45.954164
45.7987884
45.8048435
46.4080099
46.8047295
46.2806757
45.7749704
46.3021862
46.5450876
46.4165813
46.4536713
46.6426297
46.5446849
45.7403894
46.5515883
46.0097421
45.7075146
46.5123032
46.5002477
45.92837429999999
46.2423476
45.8439995
46.2166503
46.1668441
46.2286618
46.1830455
46.14812810000001
46.1604237
45.90752029999999
46.3616056
46.3647887
45.9634653
45.9596482
46.13064920000001
46.4263526
46.2527421
46.225745
46.04776
46.40407339999999
