13.9031099
15.891448
14.1111944
13.9528406
14.3657182
15.5783612
14.4157127
15.593514
15.2673672
16.2935926
14.8504811
15.1904619
14.6513215
15.6600698
15.0242712
16.013292
15.9941974
14.8039694
14.8048163
14.6576872
14.0261225
14.8058986
16.1572131
13.6605721
14.0431735
15.6879884
15.6119731
14.5983287
15.7970645
16.3931128
14.8562269
14.541596
13.7390432
14.356659
14.3462993
14.3688473
14.3656088
13.7820247
15.4944917
15.8307104
16.4549119
14.1580189
14.5151426
14.5066962
14.5347306
14.5123394
14.499379
14.4724272
14.5111086
14.5465762
14.4622719
14.5452395
14.5363538
14.5065458
14.5124243
14.5595597
14.4595427
14.4773935
14.4788057
14.4820234
14.5296048
14.5832851
14.4725496
15.6667593
15.6934869
15.6567268
15.6743355
15.6270157
15.6278471
15.6048193
15.6699727
15.6314286
15.6507628
15.6218319
15.6211931
15.6462901
15.6540276
14.5687116
15.3167994
15.0599681
14.7447183
14.9602442
16.1638131
16.1452211
15.163468
14.3157342
13.648111
13.6733923
15.1554267
15.1643364
16.1487704
16.2160444
15.0762643
14.2120001
14.420562
14.914528
15.8598698
15.6745675
16.0393136
14.9662266
14.7272819
15.4934022
15.3029316
13.8685794
15.0797592
15.7498764
13.6406013
14.4191092
15.3390788
15.3948883
14.3058679
15.5184273
13.7335717
15.0415839
15.05371
15.0072844
14.307118
15.1109877
14.2955144
14.2927486
14.9962993
15.6113159
15.159775
14.1688037
14.1099491
14.1358311
